
4 2 35 30 5 8 22 2 3 26 74 40 60 
4 3 0 0 0 0 0 0 0 0 0 0 0 
4 4 0 0 0 0 0 0 0 0 0 0 0 
4 5 40 40 0 16 24 0 0 40 60 0 0 
4 6 25 0 25 0 0 13 12 0 0 52 48 
4 7 0 0 0 0 0 0 0 0 0 0 0 
4 8 0 0 0 0 0 0 0 0 0 0 0 
4 9 10 10 0 2 8 0 0 20 80 0 0 
4 10 10 0 10 0 0 2 8 0 0 20 80 
4 11 0 0 0 0 0 0 0 0 0 0 0 
5 2 0 0 0 0 0 0 0 0 0 0 0 
5 3 10 0 10 0 0 6 4 0 0 60 40 
5 4 0 0 0 0 0 0 0 0 0 0 0 
5 5 0 0 0 0 0 0 0 0 0 0 0 
5 6 0 0 0 0 0 0 0 0 0 0 0 
5 7 0 0 0 0 0 0 0 0 0 0 0 
5 8 0 0 0 0 0 0 0 0 0 0 0 
5 9 5 0 5 0 0 1 4 0 0 20 80 
5 10 25 10 15 3 7 1 14 30 70 6 94 
5 11 10 10 0 2 8 0 0 20 80 0 0 
6 2 10 10 0 3 7 0 0 30 70 0 0 
6 3 0 0 0 0 0 0 0 0 0 0 0 
6 4 0 0 0 0 0 0 0 0 0 0 0 
6 5 0 0 0 0 0 0 0 0 0 0 0 
6 6 30 30 0 6 24 0 0 20 80 0 0 
6 7 10 0 10 0 0 2 8 0 0 20 80 
6 8 10 0 10 0 0 0 10 0 0 0 100 
6 9 0 0 0 0 0 0 0 0 0 0 0 
6 10 30 0 30 0 0 5 25 0 0 16 84 
6 11 5 0 5 0 0 1 4 0 0 20 80 
7 2 0 0 0 0 0 0 0 0 0 0 0 
7 3 5 0 5 0 0 1 4 0 0 20 80 
7 4 20 20 0 7 13 0 0 35 65 0 0 
7 5 0 0 0 0 0 0 0 0 0 0 0 
7 6 0 0 0 0 0 0 0 0 0 0 0 
7 7 0 0 0 0 0 0 0 0 0 0 0 
7 8 15 0 15 0 0 2 13 0 0 13 87 
7 9 20 10 10 0 10 3 7 0 100 30 70 
7 10 40 10 30 1 9 3 27 10 90 10 90 
7 11 0 0 0 0 0 0 0 0 0 0 0 
8 2 10 10 0 2 8 0 0 20 80 0 0 
8 3 10 0 10 0 0 2 8 0 0 20 80 
8 4 40 20 20 8 12 6 14 40 60 30 70 
8 5 10 0 10 0 0 4 6 0 0 40 60 
8 6 0 0 0 0 0 0 0 0 0 0 0 
8 7 80 80 0 37 43 0 0 46 54 0 0 
8 8 15 0 15 0 0 1 14 0 0 6 94 
8 9 10 0 10 0 0 1 9 0 0 10 90 
8 10 40 20 20 7 13 4 16 35 65 20 80 
8 11 10 0 10 0 0 2 8 0 0 20 80 
9 2 20 10 10 6 4 1 9 60 40 10 90 
9 3 0 0 0 0 0 0 0 0 0 0 0 
9 4 40 30 10 11 19 6 4 36 64 60 40 
9 5 15 0 15 0 0 6 9 0 0 40 60 
9 6 10 10 0 3 7 0 0 30 70 0 0 
9 7 5 0 5 0 0 1 4 0 0 20 80 
9 8 5 0 5 0 0 1 4 0 0 20 80 
9 9 10 10 0 6 4 0 0 60 40 0 0 
9 10 35 0 35 0 0 5 30 0 0 14 86 
9 11 10 0 10 0 0 2 8 0 0 20 80 
10 2 0 0 0 0 0 0 0 0 0 0 0 
10 3 10 10 0 5 5 0 0 50 50 0 0 
10 4 25 0 25 0 0 11 14 0 0 44 56 
10 5 35 10 25 8 2 12 13 80 20 48 52 
10 6 30 0 30 0 0 11 19 0 0 36 64 
10 7 15 10 5 4 6 1 4 40 60 20 80 
10 8 25 10 15 6 4 4 11 60 40 26 74 
10 9 10 10 0 5 5 0 0 50 50 0 0 
10 10 45 20 25 7 13 3 22 35 65 12 88 
10 11 15 10 5 6 4 0 5 60 40 0 100 
11 2 0 0 0 0 0 0 0 0 0 0 0 
11 3 30 10 20 6 4 3 17 60 40 15 85 
11 4 10 10 0 5 5 0 0 50 50 0 0 
11 5 0 0 0 0 0 0 0 0 0 0 0 
11 6 0 0 0 0 0 0 0 0 0 0 0 
11 7 40 20 20 10 10 7 13 50 50 35 65 
11 8 20 0 20 0 0 5 15 0 0 25 75 
11 9 10 10 0 7 3 0 0 70 30 0 0 
11 10 70 20 50 10 10 3 47 50 50 6 94 
11 11 20 10 10 3 7 2 8 30 70 20 80 
12 2 10 10 0 4 6 0 0 40 60 0 0 
12 3 70 40 30 13 27 12 18 32 68 40 60 
12 4 30 20 10 7 13 4 6 35 65 40 60 
12 5 35 20 15 6 14 8 7 30 70 53 47 
12 6 75 20 55 7 13 24 31 35 65 43 57 
12 7 40 10 30 2 8 16 14 20 80 53 47 
12 8 25 10 15 4 6 4 11 40 60 26 74 
12 9 50 10 40 0 10 5 35 0 100 12 88 
12 10 145 60 85 10 50 12 73 16 84 14 86 
12 11 70 30 40 12 18 4 36 40 60 10 90 
13 2 30 10 20 5 5 6 14 50 50 30 70 
13 3 45 20 25 6 14 11 14 30 70 44 56 
13 4 40 30 10 9 21 6 4 30 70 60 40 
13 5 25 10 15 4 6 6 9 40 60 40 60 
13 6 30 30 0 12 18 0 0 40 60 0 0 
13 7 35 20 15 7 13 5 10 35 65 33 67 
13 8 30 10 20 2 8 6 14 20 80 30 70 
13 9 25 10 15 3 7 2 13 30 70 13 87 
13 10 110 20 90 4 16 11 79 20 80 12 88 
13 11 30 0 30 0 0 2 28 0 0 6 94 
14 2 35 10 25 3 7 11 14 30 70 44 56 
14 3 30 10 20 1 9 3 17 10 90 15 85 
14 4 60 50 10 12 38 3 7 24 76 30 70 
14 5 45 20 25 4 16 9 16 20 80 36 64 
14 6 15 0 15 0 0 7 8 0 0 46 54 
14 7 25 0 25 0 0 6 19 0 0 24 76 
14 8 25 10 15 3 7 2 13 30 70 13 87 
14 9 15 0 15 0 0 3 12 0 0 20 80 
14 10 145 65 80 13 52 9 71 20 80 11 89 
14 11 10 0 10 0 0 2 8 0 0 20 80 
15 2 35 30 5 11 19 1 4 36 64 20 80 
15 3 0 0 0 0 0 0 0 0 0 0 0 
15 4 20 10 10 2 8 5 5 20 80 50 50 
15 5 25 0 25 0 0 10 15 0 0 40 60 
15 6 5 0 5 0 0 3 2 0 0 60 40 
15 7 45 10 35 3 7 13 22 30 70 37 63 
15 8 40 20 20 3 17 4 16 15 85 20 80 
15 9 35 20 15 0 20 3 12 0 100 20 80 
15 10 125 40 85 7 33 7 78 17 83 8 92 
15 11 20 10 10 2 8 2 8 20 80 20 80 
16 2 15 10 5 4 6 2 3 40 60 40 60 
16 3 20 10 10 2 8 4 6 20 80 40 60 
16 4 40 30 10 3 27 6 4 10 90 60 40 
16 5 30 20 10 1 19 5 5 5 95 50 50 
16 6 35 10 25 2 8 8 17 20 80 32 68 
16 7 5 0 5 0 0 2 3 0 0 40 60 
16 8 75 20 55 7 13 9 46 35 65 16 84 
16 9 30 10 20 0 10 4 16 0 100 20 80 
16 10 160 40 120 2 38 15 105 5 95 12 88 
16 11 10 0 10 0 0 0 10 0 0 0 100 
17 2 5 0 5 0 0 2 3 0 0 40 60 
17 3 0 0 0 0 0 0 0 0 0 0 0 
17 4 30 20 10 3 17 6 4 15 85 60 40 
17 5 10 0 10 0 0 4 6 0 0 40 60 
17 6 35 0 35 0 0 13 22 0 0 37 63 
17 7 20 10 10 3 7 4 6 30 70 40 60 
17 8 50 0 50 0 0 16 34 0 0 32 68 
17 9 20 10 10 2 8 1 9 20 80 10 90 
17 10 115 70 45 6 64 8 37 8 92 17 83 
17 11 15 10 5 3 7 1 4 30 70 20 80 
18 2 20 20 0 4 16 0 0 20 80 0 0 
18 3 10 0 10 0 0 4 6 0 0 40 60 
18 4 20 10 10 1 9 6 4 10 90 60 40 
18 5 5 0 5 0 0 3 2 0 0 60 40 
18 6 30 20 10 1 19 8 2 5 95 80 20 
18 7 25 10 15 4 6 10 5 40 60 66 34 
18 8 65 30 35 8 22 13 22 26 74 37 63 
18 9 40 10 30 2 8 12 18 20 80 40 60 
18 10 100 30 70 4 26 11 59 13 87 15 85 
18 11 10 10 0 1 9 0 0 10 90 0 0 
19 2 25 10 15 2 8 8 7 20 80 53 47 
19 3 25 20 5 3 17 3 2 15 85 60 40 
19 4 30 20 10 2 18 7 3 10 90 70 30 
19 5 0 0 0 0 0 0 0 0 0 0 0 
19 6 30 10 20 1 9 12 8 10 90 60 40 
19 7 15 10 5 4 6 4 1 40 60 80 20 
19 8 35 0 35 0 0 30 5 0 0 85 15 
19 9 10 10 0 2 8 0 0 20 80 0 0 
19 10 80 20 60 3 17 16 44 15 85 26 74 
19 11 0 0 0 0 0 0 0 0 0 0 0 
20 2 55 20 35 0 20 28 7 0 100 80 20 
20 3 60 20 40 4 16 34 6 20 80 85 15 
20 4 80 50 30 7 43 22 8 14 86 73 27 
20 5 25 0 25 0 0 21 4 0 0 84 16 
20 6 35 10 25 1 9 24 1 10 90 96 4 
20 7 25 20 5 4 16 5 0 20 80 100 0 
20 8 45 10 35 1 9 33 2 10 90 94 6 
20 9 30 10 20 1 9 15 5 10 90 75 25 
20 10 295 120 175 9 111 90 85 7 93 51 49 
20 11 50 20 30 0 20 12 18 0 100 40 60 
21 2 35 30 5 0 30 5 0 0 100 100 0 
21 3 5 0 5 0 0 5 0 0 0 100 0 
21 4 10 10 0 0 10 0 0 0 100 0 0 
21 5 20 20 0 0 20 0 0 0 100 0 0 
21 6 0 0 0 0 0 0 0 0 0 0 0 
21 7 5 0 5 0 0 5 0 0 0 100 0 
21 8 40 10 30 0 10 29 1 0 100 96 4 
21 9 5 0 5 0 0 5 0 0 0 100 0 
21 10 70 10 60 0 10 46 14 0 100 76 24 
21 11 10 0 10 0 0 5 5 0 0 50 50 
